1
51
48
49
181
149
323
55
464
1109
517
165
167
67
1036
936
966
216
1071
1305
1243
326
518
64
1397
1233
1419
1427
1429
361
1338
251
1664
1784
1785
914
1415
1806
43
1909
416
2004
1874
1953
1220
1979
1370
386
46
1729
1193
867
1820
2065
1920
1185
2094
2047
393
2109
2067
2036
47
2071
508
895
621
2204
579
1854
256
1678
1686
1982
2248
542
2079
1307
2020
2260
1401
2315
2424
1921
190
1929
402
901
586
596
2324
366
1230
2436
2375
1593
2412
2355
1164
1649
359
1756
1750
2486
2509
266
2373
2467
358
2518
2441
2444
2351
1704
2519
2594
2452
2513
228
577
2488
2393
1981
479
223
1996
2337
2599
2358
2400
786
21
2340
2578
2437
27
1208
261
2407
1774889342
313
662516275
2561
78885095
1981707164
1077563096
2120536145
2020712856
321325705
772125573
490653569
1184
123123123
